Sobel: 00:00:00.1363372
Greyscale: 00:00:00.0059409
Scaling: 00:00:00.0021095
Scaling: 00:00:00.0019645
Scaling: 00:00:00.0022632
Scaling: 00:00:00.0018766
Undo-Process: 00:00:00.0401608
Scaling: 00:00:00.0022260
Undo-Process: 00:00:02.0607858
Scaling: 00:00:00.0016428
Undo-Process: 00:00:00.0357533
Scaling: 00:00:00.0027017
Undo-Process: 00:00:00.0352981
HSV-Change: 00:00:00.1410026
Sobel: 00:00:00.3507546
Scaling: 00:00:00.0022853
Undo-Process: 00:00:00.0362573
Sobel: 00:00:00.3443242
Undo-Process: 00:00:00.0394323
